Run xsec kfactor filter
801649 180290000.0 1.0 2.473452E-05 
801650 17625000.0 1.0 1.827026E-05 
801651 1484700.0 1.0 1.405391E-05 
801652 405270.0 1.0 1.419799E-05 
801653 113920.0 1.0 1.925769E-05 
801654 7265.5 1.0 2.100679E-05 
801655 377.95 1.0 2.070121E-05 
801656 26.43 1.0 1.734995E-05 
801657 2.5885 1.0 1.050217E-05 
801658 0.8025 1.0 1.060385E-05 
801659 0.082205 1.0 5.511721E-06 
801660 0.013899 1.0 2.838156E-06 
801663 14005.0 1.0 8.988261E-02 
801664 2114.5 1.0 8.091045E-02 
801665 267.83 1.0 5.686947E-02 
801666 89.018 1.0 5.457656E-02 
801667 30.085 1.0 7.268542E-02 
801668 2.8063 1.0 7.059794E-02 
801669 0.21453 1.0 6.093496E-02 
801670 0.020667 1.0 4.566732E-02 
801671 0.0026009 1.0 2.499093E-02 
801672 0.00090177 1.0 2.490077E-02 
801673 6.4938e-05 1.0 2.123620E-02 
801674 6.4163e-06 1.0 1.863196E-02 
801675 6.8784e-07 1.0 1.677542E-02 
801676 6.9332e-08 1.0 1.755698E-02 
601700 6964800.0 1.0 2.126872E-01 
601701 181580.0 1.0 1.110010E-01 
601702 1946300.0 1.0 1.591151E-04 
601704 5599.9 1.0 1.349310E-05 
601705 304.4 1.0 9.999501E-06 
601706 29.548 1.0 8.901681E-06 
601707 0.090377 1.0 1.615622E-04 
801165 78580000.0 1.0 9.736973E-01 
801165 78580000.0 1.0 9.736973E-01 
801166 93901000.0 1.0 3.513700E-02 
801166 93901000.0 1.0 3.513700E-02 
801167 2582600.0 1.0 1.006611E-02 
801167 2582600.0 1.0 1.006611E-02 
801168 28528.0 1.0 1.190749E-02 
801169 280.14 1.0 1.374969E-02 
801170 5.1328 1.0 1.515795E-02 
801171 0.29765 1.0 1.015087E-02 
801172 0.019413 1.0 1.227492E-02 
801173 0.00079798 1.0 1.180489E-02 
801174 2.7822e-05 1.0 1.531184E-02 
700770 0.10259 1.0 1.000000E+00 
700771 0.10258 1.0 1.000000E+00 
700772 0.10262 1.0 1.000000E+00 
700773 0.38621 1.0 1.000000E+00 
700774 0.386 1.0 1.000000E+00 
700775 0.38576 1.0 1.000000E+00 
700776 0.056278 1.0 1.000000E+00 
700777 22.937 1.0 9.648963E-03 
700778 22.936 1.0 1.483894E-01 
700779 22.936 1.0 8.419609E-01 
700780 22.938 1.0 9.479297E-03 
700781 22.939 1.0 1.484129E-01 
700782 22.939 1.0 8.421212E-01 
700783 22.932 1.0 9.607620E-03 
700784 22.932 1.0 1.483750E-01 
700785 22.932 1.0 8.420032E-01 
700786 0.012 1.0 2.558475E-02 
700787 0.012 1.0 1.301249E-01 
700788 0.012 1.0 8.442598E-01 
700789 0.012 1.0 2.502561E-02 
700790 0.012 1.0 1.304359E-01 
700791 0.012 1.0 8.444979E-01 
700792 0.012 1.0 2.548450E-02 
700793 0.012 1.0 1.303840E-01 
700794 0.012 1.0 8.441407E-01 
700795 0.48146 1.0 8.549320E-02 
700796 0.48146 1.0 2.045125E-01 
700797 0.48145 1.0 7.099872E-01 
602402 0.052 1.0 1.0
602403 0.0041 1.0 1.0
602914 0.00088 1.0 1.0
602915 0.00056 1.0 1.0
602913 0.00094 1.0 1.0
